pb1-2 結果
[1993.35, 1993.8, 2000.65, 1991.5, 1992.8, 1998.5, 1988.1, 1991.65, 2002.25, 2003.0, 2000.5, 1998.65, 1995.55, 1997.2, 1995.05, 1997.4, 1992.15, 2000.45, 2003.2, 1995.75]
10.251264515495954

pb1-3 結果
[1993.35, 1993.8, 2000.65, 1992.7368421052631, 1992.8, 2000.0, 1988.1, 1991.65, 2002.25, 2003.9473684210527, 2000.5, 2000.9444444444443, 1995.55, 1997.2, 1998.611111111111, 1997.4, 1992.15, 2003.8333333333333, 2003.2, 1995.75]
10.212572466080363

pb2 結果
train_RMSE
9.719499089084618
train_MAE
6.980898009625377
w0
1998.2660000000003
w
[ 4.6518551  -2.45673153 -1.06195885  0.         -0.34275054 -2.94854329
  0.         -0.39970268 -0.42653866  0.         -0.23498651 -0.39491058
  0.50307719  0.         -0.34207893  0.61674589  0.15722753  0.43489925
  0.43595375  1.12941661  0.40663481  0.          1.77743607  0.
 -0.16842728  0.07833529  0.66391172  0.01297938  0.15350723  0.
 -0.21762074 -0.22189107  0.         -0.0027548  -0.01707674 -0.2599464
  0.          0.28969362  0.34893387  0.         -0.26112569 -0.14488702
 -0.00995271  0.03497723 -0.03984338  0.          0.00299383 -0.17804306
  0.          0.06494382  0.27076506  0.          0.          0.
  0.          0.         -0.63813223  0.23761428 -0.19016387  0.
 -0.18875525  0.         -0.13590668  0.0612754  -0.26619017  0.
  0.          0.         -0.03099184  0.         -0.19276517  0.01221358
  0.20735199  0.25118247  0.12313494  0.          0.         -0.52945662
  0.          0.          0.17859187  0.02408561  0.25291058  0.19360205
  0.37064854  0.          0.         -0.29169753  0.          0.        ]
59
---------Q3.4------------
first 5 ypred
[1991.93191145 1999.07198637 2001.76293602 1991.30317029 1994.42657933]
test RMSE
9.648414790970717
test MAE
6.921385961496718

w = (lamda*Identity matrix + x^T * x)^-1 * x^T * y


w.shape = 90*1
x.shape = 5000 * 90
y.shape = 5000 * 1